0010001100
heuristic_id None >>>>>>>>>
0 1 13 0 9897
1 2 19 9897 11304
2 3 15 11304 11595
3 12 21 11595 12074
4 5 6 0 419
5 6 12 419 645
6 7 26 645 896
7 12 22 896 1054
8 9 25 0 617
9 10 3 617 858
10 11 24 858 1202
11 12 28 1202 1283
12 None 23 12074 12199
heuristic_id None >>>>>>>>>
0 1 7 145 2767
1 2 29 2767 4260
2 3 19 4260 4434
3 12 10 4434 5080
4 5 7 0 145
5 6 0 145 387
6 7 2 387 912
7 12 26 912 1059
8 9 14 0 406
9 10 3 406 646
10 11 5 646 1009
11 12 4 1009 1317
12 None 22 5080 5139
heuristic_id None >>>>>>>>>
0 1 13 0 9897
1 2 14 9897 10522
2 3 19 10522 10696
3 12 10 10696 11655
4 5 0 0 133
5 6 23 133 297
6 7 16 297 671
7 12 7 671 827
8 9 25 0 372
9 10 3 372 753
10 11 22 753 837
11 12 29 837 942
12 None 6 11655 11746
heuristic_id None >>>>>>>>>
0 1 6 0 3166
1 2 25 3166 6174
2 3 19 6174 6348
3 12 30 6348 6559
4 5 8 0 175
5 6 15 175 492
6 7 17 492 816
7 12 21 816 1036
8 9 7 0 798
9 10 4 798 1267
10 11 26 1267 2010
11 12 0 2010 2264
12 None 22 6559 6652
heuristic_id None >>>>>>>>>
0 1 1 0 3676
1 2 20 3676 4608
2 3 19 4608 4782
3 12 7 4782 4905
4 5 23 0 202
5 6 20 202 388
6 7 17 388 962
7 12 15 962 1101
8 9 21 0 112
9 10 0 112 473
10 11 14 473 870
11 12 30 870 1243
12 None 16 4905 5043
heuristic_id None >>>>>>>>>
0 1 16 0 4538
1 2 13 4538 4794
2 3 1 4794 5082
3 12 21 5082 5561
4 5 28 0 112
5 6 3 112 405
6 7 10 405 665
7 12 13 665 812
8 9 27 0 347
9 10 19 347 578
10 11 18 578 1440
11 12 14 1440 1679
12 None 4 5561 5648
heuristic_id None >>>>>>>>>
0 1 20 0 721
1 2 18 721 1096
2 3 10 1096 1475
3 12 7 1475 2050
4 5 21 0 375
5 6 15 375 692
6 7 17 692 1160
7 12 13 1160 1307
8 9 23 0 256
9 10 0 256 524
10 11 12 524 886
11 12 11 886 943
12 None 27 2050 2106
heuristic_id None >>>>>>>>>
0 1 15 0 533
1 2 14 533 1158
2 3 15 1158 1449
3 12 7 1449 2195
4 5 8 0 175
5 6 28 175 360
6 7 23 360 662
7 12 26 662 792
8 9 14 0 192
9 10 0 192 460
10 11 11 460 998
11 12 4 998 1306
12 None 2 2195 2367
heuristic_id None >>>>>>>>>
0 1 15 0 7170
1 2 22 7170 7748
2 3 19 7748 7922
3 12 24 7922 8382
4 5 8 0 175
5 6 2 175 259
6 7 10 259 513
7 12 7 513 682
8 9 30 0 155
9 10 29 155 532
10 11 4 532 954
11 12 12 954 1125
12 None 20 8382 8510
heuristic_id None >>>>>>>>>
0 1 1 385 5647
1 2 27 5647 7110
2 3 19 7110 7284
3 12 11 7284 7764
4 5 8 0 175
5 6 1 175 385
6 7 24 385 779
7 12 13 779 956
8 9 22 0 498
9 10 30 498 595
10 11 28 595 816
11 12 14 816 1055
12 None 0 7764 7907
heuristic_id None >>>>>>>>>
0 1 12 0 4664
1 2 30 4664 4955
2 3 19 4955 5129
3 12 24 5129 5366
4 5 23 0 106
5 6 8 106 219
6 7 1 219 385
7 12 10 385 631
8 9 22 0 498
9 10 20 498 810
10 11 21 810 958
11 12 14 958 1197
12 None 25 5366 5503
heuristic_id None >>>>>>>>>
0 1 1 0 5262
1 2 27 5262 6315
2 3 23 6315 7272
3 12 2 7272 7612
4 5 23 0 202
5 6 15 202 519
6 7 10 519 838
7 12 25 838 872
8 9 24 0 278
9 10 0 278 546
10 11 16 546 1399
11 12 6 1399 1481
12 None 14 7612 7722
heuristic_id None >>>>>>>>>
0 1 22 0 3795
1 2 5 3795 4298
2 3 8 4298 5187
3 12 1 5187 5304
4 5 14 0 40
5 6 15 40 357
6 7 28 357 947
7 12 19 947 1085
8 9 24 0 268
9 10 10 268 411
10 11 20 411 839
11 12 16 839 1159
12 None 18 5304 5436
heuristic_id None >>>>>>>>>
0 1 13 0 9897
1 2 14 9897 10522
2 3 25 10522 11243
3 12 4 11243 11517
4 5 8 0 175
5 6 3 175 468
6 7 28 468 1078
7 12 19 1078 1156
8 9 6 0 396
9 10 26 396 646
10 11 15 646 1176
11 12 14 1176 1415
12 None 10 11517 11606
heuristic_id None >>>>>>>>>
0 1 22 0 10627
1 2 8 10627 11789
2 3 19 11789 11963
3 12 16 11963 12163
4 5 8 493 668
5 6 18 668 818
6 7 28 818 1482
7 12 24 1482 1620
8 9 9 0 351
9 10 8 351 493
10 11 14 493 1460
11 12 4 1460 1768
12 None 30 12163 12252
heuristic_id None >>>>>>>>>
0 1 22 0 2013
1 2 25 2013 3261
2 3 23 3261 4218
3 12 5 4218 4831
4 5 8 0 175
5 6 15 175 492
6 7 7 492 768
7 12 29 768 879
8 9 16 0 399
9 10 25 399 499
10 11 14 499 572
11 12 13 572 700
12 None 18 4831 4916
heuristic_id None >>>>>>>>>
0 1 25 0 6214
1 2 21 6214 6714
2 3 15 6714 7005
3 12 12 7005 7334
4 5 23 0 202
5 6 3 202 495
6 7 19 495 1023
7 12 27 1023 1116
8 9 13 0 478
9 10 0 478 746
10 11 9 746 999
11 12 7 999 1165
12 None 29 7334 7422
heuristic_id None >>>>>>>>>
0 1 15 0 11184
1 2 20 11184 11916
2 3 19 11916 12090
3 12 28 12090 12464
4 5 23 0 202
5 6 3 202 495
6 7 6 495 806
7 12 13 806 953
8 9 14 0 244
9 10 9 244 484
10 11 24 484 766
11 12 18 766 920
12 None 4 12464 12613
heuristic_id None >>>>>>>>>
0 1 13 0 9897
1 2 14 9897 10522
2 3 19 10522 10696
3 12 21 10696 11167
4 5 5 0 187
5 6 25 187 473
6 7 28 473 913
7 12 8 913 1006
8 9 20 0 224
9 10 26 224 405
10 11 22 405 1040
11 12 4 1040 1257
12 None 16 11167 11249
heuristic_id None >>>>>>>>>
0 1 16 0 6677
1 2 30 6677 6965
2 3 19 6965 7139
3 12 7 7139 7389
4 5 11 0 126
5 6 9 126 451
6 7 4 451 760
7 12 6 760 903
8 9 27 0 448
9 10 15 448 699
10 11 18 699 1179
11 12 24 1179 1302
12 None 5 7389 7430
heuristic_id None >>>>>>>>>
0 1 13 0 9897
1 2 19 9897 11304
2 3 15 11304 11595
3 12 21 11595 12074
4 5 6 0 419
5 6 12 419 645
6 7 26 645 896
7 12 22 896 1054
8 9 25 0 617
9 10 3 617 858
10 11 24 858 1202
11 12 28 1202 1283
12 None 23 12074 12199
heuristic_id None >>>>>>>>>
0 1 7 145 2767
1 2 29 2767 4260
2 3 19 4260 4434
3 12 10 4434 5080
4 5 7 0 145
5 6 0 145 387
6 7 2 387 912
7 12 26 912 1059
8 9 14 0 406
9 10 3 406 646
10 11 5 646 1009
11 12 4 1009 1317
12 None 22 5080 5139
heuristic_id None >>>>>>>>>
0 1 13 0 9897
1 2 14 9897 10522
2 3 19 10522 10696
3 12 10 10696 11655
4 5 0 0 133
5 6 23 133 297
6 7 16 297 671
7 12 7 671 827
8 9 25 0 372
9 10 3 372 753
10 11 22 753 837
11 12 29 837 942
12 None 6 11655 11746
heuristic_id None >>>>>>>>>
0 1 6 0 3166
1 2 25 3166 6174
2 3 19 6174 6348
3 12 30 6348 6559
4 5 8 0 175
5 6 15 175 492
6 7 17 492 816
7 12 21 816 1036
8 9 7 0 798
9 10 4 798 1267
10 11 26 1267 2010
11 12 0 2010 2264
12 None 22 6559 6652
heuristic_id None >>>>>>>>>
0 1 1 0 3676
1 2 20 3676 4608
2 3 19 4608 4782
3 12 7 4782 4905
4 5 23 0 202
5 6 20 202 388
6 7 17 388 962
7 12 15 962 1101
8 9 21 0 112
9 10 0 112 473
10 11 14 473 870
11 12 30 870 1243
12 None 16 4905 5043
heuristic_id None >>>>>>>>>
0 1 16 0 4538
1 2 13 4538 4794
2 3 1 4794 5082
3 12 21 5082 5561
4 5 28 0 112
5 6 3 112 405
6 7 10 405 665
7 12 13 665 812
8 9 27 0 347
9 10 19 347 578
10 11 18 578 1440
11 12 14 1440 1679
12 None 4 5561 5648
heuristic_id None >>>>>>>>>
0 1 20 0 721
1 2 18 721 1096
2 3 10 1096 1475
3 12 7 1475 2050
4 5 21 0 375
5 6 15 375 692
6 7 17 692 1160
7 12 13 1160 1307
8 9 23 0 256
9 10 0 256 524
10 11 12 524 886
11 12 11 886 943
12 None 27 2050 2106
heuristic_id None >>>>>>>>>
0 1 15 0 533
1 2 14 533 1158
2 3 15 1158 1449
3 12 7 1449 2195
4 5 8 0 175
5 6 28 175 360
6 7 23 360 662
7 12 26 662 792
8 9 14 0 192
9 10 0 192 460
10 11 11 460 998
11 12 4 998 1306
12 None 2 2195 2367
heuristic_id None >>>>>>>>>
0 1 15 0 7170
1 2 22 7170 7748
2 3 19 7748 7922
3 12 24 7922 8382
4 5 8 0 175
5 6 2 175 259
6 7 10 259 513
7 12 7 513 682
8 9 30 0 155
9 10 29 155 532
10 11 4 532 954
11 12 12 954 1125
12 None 20 8382 8510
heuristic_id None >>>>>>>>>
0 1 1 385 5647
1 2 27 5647 7110
2 3 19 7110 7284
3 12 11 7284 7764
4 5 8 0 175
5 6 1 175 385
6 7 24 385 779
7 12 13 779 956
8 9 22 0 498
9 10 30 498 595
10 11 28 595 816
11 12 14 816 1055
12 None 0 7764 7907
heuristic_id None >>>>>>>>>
0 1 12 0 4664
1 2 30 4664 4955
2 3 19 4955 5129
3 12 24 5129 5366
4 5 23 0 106
5 6 8 106 219
6 7 1 219 385
7 12 10 385 631
8 9 22 0 498
9 10 20 498 810
10 11 21 810 958
11 12 14 958 1197
12 None 25 5366 5503
heuristic_id None >>>>>>>>>
0 1 1 0 5262
1 2 27 5262 6315
2 3 23 6315 7272
3 12 2 7272 7612
4 5 23 0 202
5 6 15 202 519
6 7 10 519 838
7 12 25 838 872
8 9 24 0 278
9 10 0 278 546
10 11 16 546 1399
11 12 6 1399 1481
12 None 14 7612 7722
heuristic_id None >>>>>>>>>
0 1 22 0 3795
1 2 5 3795 4298
2 3 8 4298 5187
3 12 1 5187 5304
4 5 14 0 40
5 6 15 40 357
6 7 28 357 947
7 12 19 947 1085
8 9 24 0 268
9 10 10 268 411
10 11 20 411 839
11 12 16 839 1159
12 None 18 5304 5436
heuristic_id None >>>>>>>>>
0 1 13 0 9897
1 2 14 9897 10522
2 3 25 10522 11243
3 12 4 11243 11517
4 5 8 0 175
5 6 3 175 468
6 7 28 468 1078
7 12 19 1078 1156
8 9 6 0 396
9 10 26 396 646
10 11 15 646 1176
11 12 14 1176 1415
12 None 10 11517 11606
heuristic_id None >>>>>>>>>
0 1 22 0 10627
1 2 8 10627 11789
2 3 19 11789 11963
3 12 16 11963 12163
4 5 8 493 668
5 6 18 668 818
6 7 28 818 1482
7 12 24 1482 1620
8 9 9 0 351
9 10 8 351 493
10 11 14 493 1460
11 12 4 1460 1768
12 None 30 12163 12252
heuristic_id None >>>>>>>>>
0 1 22 0 2013
1 2 25 2013 3261
2 3 23 3261 4218
3 12 5 4218 4831
4 5 8 0 175
5 6 15 175 492
6 7 7 492 768
7 12 29 768 879
8 9 16 0 399
9 10 25 399 499
10 11 14 499 572
11 12 13 572 700
12 None 18 4831 4916
heuristic_id None >>>>>>>>>
0 1 25 0 6214
1 2 21 6214 6714
2 3 15 6714 7005
3 12 12 7005 7334
4 5 23 0 202
5 6 3 202 495
6 7 19 495 1023
7 12 27 1023 1116
8 9 13 0 478
9 10 0 478 746
10 11 9 746 999
11 12 7 999 1165
12 None 29 7334 7422
heuristic_id None >>>>>>>>>
0 1 15 0 11184
1 2 20 11184 11916
2 3 19 11916 12090
3 12 28 12090 12464
4 5 23 0 202
5 6 3 202 495
6 7 6 495 806
7 12 13 806 953
8 9 14 0 244
9 10 9 244 484
10 11 24 484 766
11 12 18 766 920
12 None 4 12464 12613
heuristic_id None >>>>>>>>>
0 1 13 0 9897
1 2 14 9897 10522
2 3 19 10522 10696
3 12 21 10696 11167
4 5 5 0 187
5 6 25 187 473
6 7 28 473 913
7 12 8 913 1006
8 9 20 0 224
9 10 26 224 405
10 11 22 405 1040
11 12 4 1040 1257
12 None 16 11167 11249
heuristic_id None >>>>>>>>>
0 1 16 0 6677
1 2 30 6677 6965
2 3 19 6965 7139
3 12 7 7139 7389
4 5 11 0 126
5 6 9 126 451
6 7 4 451 760
7 12 6 760 903
8 9 27 0 448
9 10 15 448 699
10 11 18 699 1179
11 12 24 1179 1302
12 None 5 7389 7430
heuristic_id None >>>>>>>>>
0 1 13 1043 10940
1 2 19 10940 12347
2 3 15 12347 12638
3 12 21 12638 13117
4 5 6 0 419
5 6 12 419 645
6 7 26 645 896
7 12 13 896 1043
8 9 25 0 617
9 10 3 617 858
10 11 24 858 1202
11 12 28 1202 1283
12 None 23 13117 13242
heuristic_id None >>>>>>>>>
0 1 7 145 2767
1 2 29 2767 4260
2 3 19 4260 4434
3 12 10 4434 5080
4 5 7 0 145
5 6 0 145 387
6 7 2 387 912
7 12 26 912 1059
8 9 14 0 406
9 10 3 406 646
10 11 5 646 1009
11 12 4 1009 1317
12 None 22 5080 5139
heuristic_id None >>>>>>>>>
0 1 13 0 9897
1 2 14 9897 10522
2 3 15 10522 10813
3 12 10 10813 11772
4 5 0 0 133
5 6 23 133 297
6 7 16 297 671
7 12 7 671 827
8 9 25 0 372
9 10 19 372 449
10 11 22 449 533
11 12 29 533 638
12 None 6 11772 11863
heuristic_id None >>>>>>>>>
0 1 6 999 4165
1 2 21 4165 7402
2 3 19 7402 7576
3 12 24 7576 8058
4 5 8 0 175
5 6 15 175 492
6 7 17 492 816
7 12 6 816 999
8 9 25 0 617
9 10 4 617 1086
10 11 26 1086 1829
11 12 30 1829 2063
12 None 22 8058 8151
heuristic_id None >>>>>>>>>
0 1 1 0 3676
1 2 20 3676 4608
2 3 19 4608 4782
3 12 7 4782 4905
4 5 23 0 202
5 6 20 202 388
6 7 17 388 962
7 12 15 962 1101
8 9 21 0 112
9 10 0 112 473
10 11 14 473 870
11 12 30 870 1243
12 None 16 4905 5043
heuristic_id None >>>>>>>>>
0 1 16 0 4538
1 2 13 4538 4794
2 3 1 4794 5082
3 12 21 5082 5561
4 5 28 0 112
5 6 3 112 405
6 7 10 405 665
7 12 13 665 812
8 9 27 0 347
9 10 19 347 578
10 11 18 578 1440
11 12 14 1440 1679
12 None 4 5561 5648
heuristic_id None >>>>>>>>>
0 1 20 0 721
1 2 18 721 1096
2 3 10 1096 1475
3 12 7 1475 2050
4 5 23 0 202
5 6 15 202 519
6 7 21 519 920
7 12 13 920 1067
8 9 23 202 458
9 10 0 458 726
10 11 12 726 1088
11 12 11 1088 1145
12 None 27 2050 2106
heuristic_id None >>>>>>>>>
0 1 15 0 533
1 2 14 533 1158
2 3 15 1158 1449
3 12 7 1449 2195
4 5 8 0 175
5 6 28 175 360
6 7 23 360 662
7 12 26 662 792
8 9 14 0 192
9 10 0 192 460
10 11 11 460 998
11 12 4 998 1306
12 None 2 2195 2367
heuristic_id None >>>>>>>>>
0 1 15 0 7170
1 2 22 7170 7748
2 3 19 7748 7922
3 12 24 7922 8382
4 5 8 0 175
5 6 2 175 259
6 7 10 259 513
7 12 7 513 682
8 9 30 0 155
9 10 29 155 532
10 11 4 532 954
11 12 12 954 1125
12 None 20 8382 8510
heuristic_id None >>>>>>>>>
0 1 1 385 5647
1 2 27 5647 7110
2 3 19 7110 7284
3 12 11 7284 7764
4 5 8 0 175
5 6 1 175 385
6 7 24 385 779
7 12 13 779 956
8 9 22 0 498
9 10 30 498 595
10 11 28 595 816
11 12 14 816 1055
12 None 0 7764 7907
heuristic_id None >>>>>>>>>
0 1 12 0 4664
1 2 30 4664 4955
2 3 19 4955 5129
3 12 24 5129 5366
4 5 23 0 106
5 6 8 106 219
6 7 1 219 385
7 12 10 385 631
8 9 22 0 498
9 10 20 498 810
10 11 21 810 958
11 12 14 958 1197
12 None 25 5366 5503
heuristic_id None >>>>>>>>>
0 1 1 0 5262
1 2 27 5262 6315
2 3 23 6315 7272
3 12 2 7272 7612
4 5 23 0 202
5 6 24 202 507
6 7 10 507 826
7 12 25 826 860
8 9 28 0 420
9 10 0 420 688
10 11 16 688 1541
11 12 6 1541 1623
12 None 14 7612 7722
heuristic_id None >>>>>>>>>
0 1 22 0 3795
1 2 5 3795 4298
2 3 8 4298 5187
3 12 1 5187 5304
4 5 14 0 40
5 6 15 40 357
6 7 28 357 947
7 12 19 947 1085
8 9 24 0 268
9 10 10 268 411
10 11 20 411 839
11 12 16 839 1159
12 None 18 5304 5436
heuristic_id None >>>>>>>>>
0 1 13 0 9897
1 2 14 9897 10522
2 3 25 10522 11243
3 12 4 11243 11517
4 5 8 0 175
5 6 3 175 468
6 7 28 468 1078
7 12 19 1078 1156
8 9 6 0 396
9 10 26 396 646
10 11 15 646 1176
11 12 14 1176 1415
12 None 10 11517 11606
heuristic_id None >>>>>>>>>
0 1 22 0 10627
1 2 8 10627 11789
2 3 19 11789 11963
3 12 16 11963 12163
4 5 8 493 668
5 6 18 668 818
6 7 28 818 1482
7 12 24 1482 1620
8 9 9 0 351
9 10 8 351 493
10 11 14 493 1460
11 12 4 1460 1768
12 None 30 12163 12252
heuristic_id None >>>>>>>>>
0 1 22 0 2013
1 2 25 2013 3261
2 3 23 3261 4218
3 12 5 4218 4831
4 5 8 0 175
5 6 15 175 492
6 7 7 492 768
7 12 29 768 879
8 9 16 0 399
9 10 25 399 499
10 11 14 499 572
11 12 13 572 700
12 None 18 4831 4916
heuristic_id None >>>>>>>>>
0 1 25 0 6214
1 2 21 6214 6714
2 3 15 6714 7005
3 12 12 7005 7334
4 5 23 0 202
5 6 3 202 495
6 7 19 495 1023
7 12 27 1023 1116
8 9 13 0 478
9 10 0 478 746
10 11 9 746 999
11 12 7 999 1165
12 None 29 7334 7422
heuristic_id None >>>>>>>>>
0 1 15 0 11184
1 2 20 11184 11916
2 3 19 11916 12090
3 12 28 12090 12464
4 5 23 0 202
5 6 3 202 495
6 7 6 495 806
7 12 13 806 953
8 9 14 0 244
9 10 9 244 484
10 11 24 484 766
11 12 18 766 920
12 None 4 12464 12613
heuristic_id None >>>>>>>>>
0 1 13 0 9897
1 2 14 9897 10522
2 3 19 10522 10696
3 12 21 10696 11167
4 5 5 0 187
5 6 25 187 473
6 7 28 473 913
7 12 8 913 1006
8 9 20 0 224
9 10 26 224 405
10 11 22 405 1040
11 12 4 1040 1257
12 None 16 11167 11249
heuristic_id None >>>>>>>>>
0 1 16 0 6677
1 2 30 6677 6965
2 3 19 6965 7139
3 12 7 7139 7389
4 5 11 0 126
5 6 9 126 451
6 7 4 451 760
7 12 6 760 903
8 9 27 0 448
9 10 15 448 699
10 11 18 699 1179
11 12 24 1179 1302
12 None 5 7389 7430
heuristic_id None >>>>>>>>>
0 1 13 1043 10940
1 2 19 10940 12347
2 3 15 12347 12638
3 12 21 12638 13117
4 5 6 0 419
5 6 12 419 645
6 7 26 645 896
7 12 13 896 1043
8 9 25 0 617
9 10 3 617 858
10 11 24 858 1202
11 12 28 1202 1283
12 None 23 13117 13242
heuristic_id None >>>>>>>>>
0 1 7 145 2767
1 2 29 2767 4260
2 3 19 4260 4434
3 12 10 4434 5080
4 5 7 0 145
5 6 0 145 387
6 7 2 387 912
7 12 26 912 1059
8 9 14 0 406
9 10 3 406 646
10 11 5 646 1009
11 12 4 1009 1317
12 None 22 5080 5139
heuristic_id None >>>>>>>>>
0 1 13 0 9897
1 2 14 9897 10522
2 3 15 10522 10813
3 12 10 10813 11772
4 5 0 0 133
5 6 23 133 297
6 7 16 297 671
7 12 7 671 827
8 9 25 0 372
9 10 19 372 449
10 11 22 449 533
11 12 29 533 638
12 None 6 11772 11863
heuristic_id None >>>>>>>>>
0 1 6 999 4165
1 2 21 4165 7402
2 3 19 7402 7576
3 12 24 7576 8058
4 5 8 0 175
5 6 15 175 492
6 7 17 492 816
7 12 6 816 999
8 9 25 0 617
9 10 4 617 1086
10 11 26 1086 1829
11 12 30 1829 2063
12 None 22 8058 8151
heuristic_id None >>>>>>>>>
0 1 1 0 3676
1 2 20 3676 4608
2 3 19 4608 4782
3 12 7 4782 4905
4 5 23 0 202
5 6 20 202 388
6 7 17 388 962
7 12 15 962 1101
8 9 21 0 112
9 10 0 112 473
10 11 14 473 870
11 12 30 870 1243
12 None 16 4905 5043
heuristic_id None >>>>>>>>>
0 1 16 0 4538
1 2 13 4538 4794
2 3 1 4794 5082
3 12 21 5082 5561
4 5 28 0 112
5 6 3 112 405
6 7 10 405 665
7 12 13 665 812
8 9 27 0 347
9 10 19 347 578
10 11 18 578 1440
11 12 14 1440 1679
12 None 4 5561 5648
heuristic_id None >>>>>>>>>
0 1 20 0 721
1 2 18 721 1096
2 3 10 1096 1475
3 12 7 1475 2050
4 5 23 0 202
5 6 15 202 519
6 7 21 519 920
7 12 13 920 1067
8 9 23 202 458
9 10 0 458 726
10 11 12 726 1088
11 12 11 1088 1145
12 None 27 2050 2106
heuristic_id None >>>>>>>>>
0 1 15 0 533
1 2 14 533 1158
2 3 15 1158 1449
3 12 7 1449 2195
4 5 8 0 175
5 6 28 175 360
6 7 23 360 662
7 12 26 662 792
8 9 14 0 192
9 10 0 192 460
10 11 11 460 998
11 12 4 998 1306
12 None 2 2195 2367
heuristic_id None >>>>>>>>>
0 1 15 0 7170
1 2 22 7170 7748
2 3 19 7748 7922
3 12 24 7922 8382
4 5 8 0 175
5 6 2 175 259
6 7 10 259 513
7 12 7 513 682
8 9 30 0 155
9 10 29 155 532
10 11 4 532 954
11 12 12 954 1125
12 None 20 8382 8510
heuristic_id None >>>>>>>>>
0 1 1 385 5647
1 2 27 5647 7110
2 3 19 7110 7284
3 12 11 7284 7764
4 5 8 0 175
5 6 1 175 385
6 7 24 385 779
7 12 13 779 956
8 9 22 0 498
9 10 30 498 595
10 11 28 595 816
11 12 14 816 1055
12 None 0 7764 7907
heuristic_id None >>>>>>>>>
0 1 12 0 4664
1 2 30 4664 4955
2 3 19 4955 5129
3 12 24 5129 5366
4 5 23 0 106
5 6 8 106 219
6 7 1 219 385
7 12 10 385 631
8 9 22 0 498
9 10 20 498 810
10 11 21 810 958
11 12 14 958 1197
12 None 25 5366 5503
heuristic_id None >>>>>>>>>
0 1 1 0 5262
1 2 27 5262 6315
2 3 23 6315 7272
3 12 2 7272 7612
4 5 23 0 202
5 6 24 202 507
6 7 10 507 826
7 12 25 826 860
8 9 28 0 420
9 10 0 420 688
10 11 16 688 1541
11 12 6 1541 1623
12 None 14 7612 7722
heuristic_id None >>>>>>>>>
0 1 22 0 3795
1 2 5 3795 4298
2 3 8 4298 5187
3 12 1 5187 5304
4 5 14 0 40
5 6 15 40 357
6 7 28 357 947
7 12 19 947 1085
8 9 24 0 268
9 10 10 268 411
10 11 20 411 839
11 12 16 839 1159
12 None 18 5304 5436
heuristic_id None >>>>>>>>>
0 1 13 0 9897
1 2 14 9897 10522
2 3 25 10522 11243
3 12 4 11243 11517
4 5 8 0 175
5 6 3 175 468
6 7 28 468 1078
7 12 19 1078 1156
8 9 6 0 396
9 10 26 396 646
10 11 15 646 1176
11 12 14 1176 1415
12 None 10 11517 11606
heuristic_id None >>>>>>>>>
0 1 22 0 10627
1 2 8 10627 11789
2 3 19 11789 11963
3 12 16 11963 12163
4 5 8 493 668
5 6 18 668 818
6 7 28 818 1482
7 12 24 1482 1620
8 9 9 0 351
9 10 8 351 493
10 11 14 493 1460
11 12 4 1460 1768
12 None 30 12163 12252
heuristic_id None >>>>>>>>>
0 1 22 0 2013
1 2 25 2013 3261
2 3 23 3261 4218
3 12 5 4218 4831
4 5 8 0 175
5 6 15 175 492
6 7 7 492 768
7 12 29 768 879
8 9 16 0 399
9 10 25 399 499
10 11 14 499 572
11 12 13 572 700
12 None 18 4831 4916
heuristic_id None >>>>>>>>>
0 1 25 0 6214
1 2 21 6214 6714
2 3 15 6714 7005
3 12 12 7005 7334
4 5 23 0 202
5 6 3 202 495
6 7 19 495 1023
7 12 27 1023 1116
8 9 13 0 478
9 10 0 478 746
10 11 9 746 999
11 12 7 999 1165
12 None 29 7334 7422
heuristic_id None >>>>>>>>>
0 1 15 0 11184
1 2 20 11184 11916
2 3 19 11916 12090
3 12 28 12090 12464
4 5 23 0 202
5 6 3 202 495
6 7 6 495 806
7 12 13 806 953
8 9 14 0 244
9 10 9 244 484
10 11 24 484 766
11 12 18 766 920
12 None 4 12464 12613
heuristic_id None >>>>>>>>>
0 1 13 0 9897
1 2 14 9897 10522
2 3 19 10522 10696
3 12 21 10696 11167
4 5 5 0 187
5 6 25 187 473
6 7 28 473 913
7 12 8 913 1006
8 9 20 0 224
9 10 26 224 405
10 11 22 405 1040
11 12 4 1040 1257
12 None 16 11167 11249
heuristic_id None >>>>>>>>>
0 1 16 0 6677
1 2 30 6677 6965
2 3 19 6965 7139
3 12 7 7139 7389
4 5 11 0 126
5 6 9 126 451
6 7 4 451 760
7 12 6 760 903
8 9 27 0 448
9 10 15 448 699
10 11 18 699 1179
11 12 24 1179 1302
12 None 5 7389 7430
heuristic_id None >>>>>>>>>
0 1 13 1043 10940
1 2 19 10940 12347
2 3 15 12347 12638
3 12 21 12638 13117
4 5 6 0 419
5 6 12 419 645
6 7 26 645 896
7 12 13 896 1043
8 9 25 0 617
9 10 3 617 858
10 11 24 858 1202
11 12 28 1202 1283
12 None 23 13117 13242
heuristic_id None >>>>>>>>>
0 1 7 145 2767
1 2 29 2767 4260
2 3 19 4260 4434
3 12 10 4434 5080
4 5 7 0 145
5 6 0 145 387
6 7 2 387 912
7 12 26 912 1059
8 9 14 0 406
9 10 3 406 646
10 11 5 646 1009
11 12 4 1009 1317
12 None 22 5080 5139
heuristic_id None >>>>>>>>>
0 1 13 0 9897
1 2 14 9897 10522
2 3 15 10522 10813
3 12 10 10813 11772
4 5 0 0 133
5 6 23 133 297
6 7 16 297 671
7 12 7 671 827
8 9 25 0 372
9 10 19 372 449
10 11 22 449 533
11 12 29 533 638
12 None 6 11772 11863
heuristic_id None >>>>>>>>>
0 1 6 999 4165
1 2 21 4165 7402
2 3 19 7402 7576
3 12 24 7576 8058
4 5 8 0 175
5 6 15 175 492
6 7 17 492 816
7 12 6 816 999
8 9 25 0 617
9 10 4 617 1086
10 11 26 1086 1829
11 12 30 1829 2063
12 None 22 8058 8151
heuristic_id None >>>>>>>>>
0 1 1 0 3676
1 2 20 3676 4608
2 3 19 4608 4782
3 12 7 4782 4905
4 5 23 0 202
5 6 20 202 388
6 7 17 388 962
7 12 15 962 1101
8 9 21 0 112
9 10 0 112 473
10 11 14 473 870
11 12 30 870 1243
12 None 16 4905 5043
heuristic_id None >>>>>>>>>
0 1 16 0 4538
1 2 13 4538 4794
2 3 1 4794 5082
3 12 21 5082 5561
4 5 28 0 112
5 6 3 112 405
6 7 10 405 665
7 12 13 665 812
8 9 27 0 347
9 10 19 347 578
10 11 18 578 1440
11 12 14 1440 1679
12 None 4 5561 5648
heuristic_id None >>>>>>>>>
0 1 20 0 721
1 2 18 721 1096
2 3 10 1096 1475
3 12 7 1475 2050
4 5 23 0 202
5 6 15 202 519
6 7 21 519 920
7 12 13 920 1067
8 9 23 202 458
9 10 0 458 726
10 11 12 726 1088
11 12 11 1088 1145
12 None 27 2050 2106
heuristic_id None >>>>>>>>>
0 1 15 0 533
1 2 14 533 1158
2 3 15 1158 1449
3 12 23 1449 2157
4 5 8 0 175
5 6 28 175 360
6 7 4 360 431
7 12 26 431 561
8 9 14 0 192
9 10 0 192 460
10 11 11 460 998
11 12 21 998 1366
12 None 2 2157 2329
heuristic_id None >>>>>>>>>
0 1 15 0 7170
1 2 22 7170 7748
2 3 19 7748 7922
3 12 24 7922 8382
4 5 8 0 175
5 6 2 175 259
6 7 10 259 513
7 12 7 513 682
8 9 30 0 155
9 10 29 155 532
10 11 4 532 954
11 12 12 954 1125
12 None 20 8382 8510
heuristic_id None >>>>>>>>>
0 1 1 385 5647
1 2 27 5647 7110
2 3 19 7110 7284
3 12 11 7284 7764
4 5 8 0 175
5 6 1 175 385
6 7 24 385 779
7 12 13 779 956
8 9 22 0 498
9 10 30 498 595
10 11 28 595 816
11 12 14 816 1055
12 None 0 7764 7907
heuristic_id None >>>>>>>>>
0 1 12 0 4664
1 2 30 4664 4955
2 3 19 4955 5129
3 12 24 5129 5366
4 5 23 0 106
5 6 8 106 219
6 7 1 219 385
7 12 10 385 631
8 9 22 0 498
9 10 20 498 810
10 11 21 810 958
11 12 14 958 1197
12 None 25 5366 5503
heuristic_id None >>>>>>>>>
0 1 1 0 5262
1 2 27 5262 6315
2 3 23 6315 7272
3 12 2 7272 7612
4 5 23 0 202
5 6 15 202 519
6 7 10 519 838
7 12 25 838 872
8 9 24 0 278
9 10 0 278 546
10 11 16 546 1399
11 12 6 1399 1481
12 None 14 7612 7722
heuristic_id None >>>>>>>>>
0 1 22 0 3795
1 2 5 3795 4298
2 3 8 4298 5187
3 12 1 5187 5304
4 5 14 0 40
5 6 15 40 357
6 7 28 357 947
7 12 19 947 1085
8 9 24 0 268
9 10 10 268 411
10 11 20 411 839
11 12 16 839 1159
12 None 18 5304 5436
heuristic_id None >>>>>>>>>
0 1 13 0 9897
1 2 14 9897 10522
2 3 25 10522 11243
3 12 4 11243 11517
4 5 8 0 175
5 6 3 175 468
6 7 28 468 1078
7 12 19 1078 1156
8 9 6 0 396
9 10 26 396 646
10 11 15 646 1176
11 12 14 1176 1415
12 None 10 11517 11606
heuristic_id None >>>>>>>>>
0 1 22 0 10627
1 2 8 10627 11789
2 3 19 11789 11963
3 12 16 11963 12163
4 5 8 0 175
5 6 18 175 325
6 7 28 325 989
7 12 24 989 1127
8 9 9 0 351
9 10 4 351 591
10 11 14 591 1558
11 12 2 1558 1904
12 None 30 12163 12252
heuristic_id None >>>>>>>>>
0 1 22 0 2013
1 2 25 2013 3261
2 3 23 3261 4218
3 12 5 4218 4831
4 5 8 0 175
5 6 15 175 492
6 7 7 492 768
7 12 29 768 879
8 9 16 0 399
9 10 25 399 499
10 11 14 499 572
11 12 13 572 700
12 None 18 4831 4916
heuristic_id None >>>>>>>>>
0 1 25 0 6214
1 2 21 6214 6714
2 3 15 6714 7005
3 12 12 7005 7334
4 5 23 0 202
5 6 3 202 495
6 7 19 495 1023
7 12 27 1023 1116
8 9 13 0 478
9 10 0 478 746
10 11 9 746 999
11 12 7 999 1165
12 None 29 7334 7422
heuristic_id None >>>>>>>>>
0 1 15 0 11184
1 2 20 11184 11916
2 3 19 11916 12090
3 12 28 12090 12464
4 5 23 0 202
5 6 3 202 495
6 7 6 495 806
7 12 13 806 953
8 9 14 0 244
9 10 9 244 484
10 11 24 484 766
11 12 18 766 920
12 None 4 12464 12613
heuristic_id None >>>>>>>>>
0 1 13 0 9897
1 2 14 9897 10522
2 3 19 10522 10696
3 12 21 10696 11167
4 5 5 0 187
5 6 25 187 473
6 7 28 473 913
7 12 8 913 1006
8 9 20 0 224
9 10 26 224 405
10 11 22 405 1040
11 12 4 1040 1257
12 None 16 11167 11249
heuristic_id None >>>>>>>>>
0 1 16 0 6677
1 2 30 6677 6965
2 3 19 6965 7139
3 12 7 7139 7389
4 5 11 0 126
5 6 9 126 451
6 7 4 451 760
7 12 6 760 903
8 9 27 0 448
9 10 15 448 699
10 11 18 699 1179
11 12 24 1179 1302
12 None 5 7389 7430
heuristic_id None >>>>>>>>>
0 1 13 1043 10940
1 2 19 10940 12347
2 3 15 12347 12638
3 12 21 12638 13117
4 5 6 0 419
5 6 12 419 645
6 7 26 645 896
7 12 13 896 1043
8 9 25 0 617
9 10 3 617 858
10 11 24 858 1202
11 12 28 1202 1283
12 None 23 13117 13242
heuristic_id None >>>>>>>>>
0 1 7 145 2767
1 2 29 2767 4260
2 3 19 4260 4434
3 12 10 4434 5080
4 5 7 0 145
5 6 0 145 387
6 7 2 387 912
7 12 26 912 1059
8 9 14 0 406
9 10 3 406 646
10 11 5 646 1009
11 12 4 1009 1317
12 None 22 5080 5139
heuristic_id None >>>>>>>>>
0 1 13 0 9897
1 2 14 9897 10522
2 3 15 10522 10813
3 12 10 10813 11772
4 5 0 0 133
5 6 23 133 297
6 7 16 297 671
7 12 7 671 827
8 9 25 0 372
9 10 19 372 449
10 11 22 449 533
11 12 29 533 638
12 None 6 11772 11863
heuristic_id None >>>>>>>>>
0 1 6 999 4165
1 2 21 4165 7402
2 3 19 7402 7576
3 12 24 7576 8058
4 5 8 0 175
5 6 15 175 492
6 7 17 492 816
7 12 6 816 999
8 9 25 0 617
9 10 4 617 1086
10 11 26 1086 1829
11 12 30 1829 2063
12 None 22 8058 8151
heuristic_id None >>>>>>>>>
0 1 1 0 3676
1 2 20 3676 4608
2 3 19 4608 4782
3 12 7 4782 4905
4 5 23 0 202
5 6 20 202 388
6 7 17 388 962
7 12 15 962 1101
8 9 21 0 112
9 10 0 112 473
10 11 14 473 870
11 12 30 870 1243
12 None 16 4905 5043
heuristic_id None >>>>>>>>>
0 1 16 0 4538
1 2 13 4538 4794
2 3 1 4794 5082
3 12 21 5082 5561
4 5 28 0 112
5 6 3 112 405
6 7 10 405 665
7 12 13 665 812
8 9 27 0 347
9 10 19 347 578
10 11 18 578 1440
11 12 14 1440 1679
12 None 4 5561 5648
heuristic_id None >>>>>>>>>
0 1 20 0 721
1 2 18 721 1096
2 3 10 1096 1475
3 12 7 1475 2050
4 5 23 0 202
5 6 15 202 519
6 7 21 519 920
7 12 13 920 1067
8 9 23 202 458
9 10 0 458 726
10 11 12 726 1088
11 12 11 1088 1145
12 None 27 2050 2106
heuristic_id None >>>>>>>>>
0 1 15 0 533
1 2 14 533 1158
2 3 15 1158 1449
3 12 23 1449 2157
4 5 8 0 175
5 6 28 175 360
6 7 4 360 431
7 12 26 431 561
8 9 14 0 192
9 10 0 192 460
10 11 11 460 998
11 12 21 998 1366
12 None 2 2157 2329
heuristic_id None >>>>>>>>>
0 1 15 0 7170
1 2 22 7170 7748
2 3 19 7748 7922
3 12 24 7922 8382
4 5 8 0 175
5 6 2 175 259
6 7 10 259 513
7 12 7 513 682
8 9 30 0 155
9 10 29 155 532
10 11 4 532 954
11 12 12 954 1125
12 None 20 8382 8510
heuristic_id None >>>>>>>>>
0 1 1 385 5647
1 2 27 5647 7110
2 3 19 7110 7284
3 12 11 7284 7764
4 5 8 0 175
5 6 1 175 385
6 7 24 385 779
7 12 13 779 956
8 9 22 0 498
9 10 30 498 595
10 11 28 595 816
11 12 14 816 1055
12 None 0 7764 7907
heuristic_id None >>>>>>>>>
0 1 12 0 4664
1 2 30 4664 4955
2 3 19 4955 5129
3 12 24 5129 5366
4 5 23 0 106
5 6 8 106 219
6 7 1 219 385
7 12 10 385 631
8 9 22 0 498
9 10 20 498 810
10 11 21 810 958
11 12 14 958 1197
12 None 25 5366 5503
heuristic_id None >>>>>>>>>
0 1 1 0 5262
1 2 27 5262 6315
2 3 23 6315 7272
3 12 2 7272 7612
4 5 23 0 202
5 6 15 202 519
6 7 10 519 838
7 12 25 838 872
8 9 24 0 278
9 10 0 278 546
10 11 16 546 1399
11 12 6 1399 1481
12 None 14 7612 7722
heuristic_id None >>>>>>>>>
0 1 22 0 3795
1 2 5 3795 4298
2 3 8 4298 5187
3 12 1 5187 5304
4 5 14 0 40
5 6 15 40 357
6 7 28 357 947
7 12 19 947 1085
8 9 24 0 268
9 10 10 268 411
10 11 20 411 839
11 12 16 839 1159
12 None 18 5304 5436
heuristic_id None >>>>>>>>>
0 1 13 0 9897
1 2 14 9897 10522
2 3 25 10522 11243
3 12 4 11243 11517
4 5 8 0 175
5 6 3 175 468
6 7 28 468 1078
7 12 19 1078 1156
8 9 6 0 396
9 10 26 396 646
10 11 15 646 1176
11 12 14 1176 1415
12 None 10 11517 11606
heuristic_id None >>>>>>>>>
0 1 22 0 10627
1 2 8 10627 11789
2 3 19 11789 11963
3 12 16 11963 12163
4 5 8 0 175
5 6 18 175 325
6 7 28 325 989
7 12 24 989 1127
8 9 9 0 351
9 10 4 351 591
10 11 14 591 1558
11 12 2 1558 1904
12 None 30 12163 12252
heuristic_id None >>>>>>>>>
0 1 22 0 2013
1 2 25 2013 3261
2 3 23 3261 4218
3 12 5 4218 4831
4 5 8 0 175
5 6 15 175 492
6 7 7 492 768
7 12 29 768 879
8 9 16 0 399
9 10 25 399 499
10 11 14 499 572
11 12 13 572 700
12 None 18 4831 4916
heuristic_id None >>>>>>>>>
0 1 25 0 6214
1 2 21 6214 6714
2 3 15 6714 7005
3 12 12 7005 7334
4 5 23 0 202
5 6 3 202 495
6 7 19 495 1023
7 12 27 1023 1116
8 9 13 0 478
9 10 0 478 746
10 11 9 746 999
11 12 7 999 1165
12 None 29 7334 7422
heuristic_id None >>>>>>>>>
0 1 15 0 11184
1 2 20 11184 11916
2 3 19 11916 12090
3 12 28 12090 12464
4 5 23 0 202
5 6 3 202 495
6 7 6 495 806
7 12 13 806 953
8 9 14 0 244
9 10 9 244 484
10 11 24 484 766
11 12 18 766 920
12 None 4 12464 12613
heuristic_id None >>>>>>>>>
0 1 13 0 9897
1 2 14 9897 10522
2 3 19 10522 10696
3 12 21 10696 11167
4 5 5 0 187
5 6 25 187 473
6 7 28 473 913
7 12 8 913 1006
8 9 20 0 224
9 10 26 224 405
10 11 22 405 1040
11 12 4 1040 1257
12 None 16 11167 11249
heuristic_id None >>>>>>>>>
0 1 16 0 6677
1 2 30 6677 6965
2 3 19 6965 7139
3 12 7 7139 7389
4 5 11 0 126
5 6 9 126 451
6 7 4 451 760
7 12 6 760 903
8 9 27 0 448
9 10 15 448 699
10 11 18 699 1179
11 12 24 1179 1302
12 None 5 7389 7430
TRAINING DONE
